
      #         X           Y           Z        Radius        Coef       Wsurf        Wvol
      1      10.9710     49.2040     82.8950      3.3550      1.0000     64.0986    106.7876
      2       9.9870     49.0780     80.1330      3.3520      1.0000    101.4298    127.2705
      3      12.6560     51.6430     84.8040      3.0250      1.0000     17.7788     32.3736
      4      13.4330     51.4980     85.9960      3.3000      1.0000     13.7286     32.0346
      5      13.5460     52.8710     86.6850      3.3250      1.0000     13.4929     34.8671
      6      12.7770     50.4670     86.9330      3.2750      1.0000      9.4478     38.5518
      7      11.6930     49.9240     86.6320      2.8800      1.0000     26.7879     30.2047
      8      14.2880     53.8550     85.7660      3.3550      1.0000     71.5861     96.6001
      9      12.2320     53.3780     86.9630      2.9350      1.0000     35.9975     40.2687
     10      13.4510     50.1900     88.0480      3.0250      1.0000     49.3137     54.1712
                                                                        ====================
 ==>  Sum:                                                           403.6617       593.1300
